Local 122,1403796890,80
Local 122,1453060375,41
Local 122,1453060782,136
Local 122,1603112251,39
Local 122,1613170416,6
Local 122,1837994021,103
Local 122,3301261876,0
Local 122,3295000018,25
Local 122,3621813330,121
Local 122,6065555568,129
Local 102,1403796890,160
Local 102,1453060375,82
Local 102,1453060782,255
Local 102,1603112251,3354
Local 102,1613170416,534
Local 102,1837994021,13453
Local 102,3301261876,0
Local 102,3295000018,3443
Local 102,3621813330,3443
Local 102,6065555568,333
Local 101,1403796890,160
Local 101,1453060375,82
Local 101,1453060782,255
Local 101,1603112251,3354
Local 101,1613170416,534
Local 101,1837994021,13453
Local 101,3301261876,0
Local 101,3295000018,3443
Local 101,3621813330,3443
Local 101,6065555568,333
Local 103,1403796890,165
Local 103,1453060375,82
Local 103,1453060782,255
Local 103,1603112251,3354
Local 103,1613170416,534
Local 103,1837994021,13453
Local 103,3301261876,0
Local 103,3295000018,3443
Local 103,3621813330,3443
Local 103,6065555568,333
Local 104,1403796890,160
Local 104,1453060375,82
Local 104,1453060782,255
Local 104,1603112251,3354
Local 104,1613170416,534
Local 104,1837994021,13453
Local 104,3301261876,0
Local 104,3295000018,3443
Local 104,3621813330,3443
Local 104,6065555568,333